110141009
110623402
110623942
110581004
110581101
110595086
110580884
110580696
110594104
110580023
110558621
110579886
110579820
110558699
110558291
110558148
110558851
110558489
110549793
110550043
110550446
110595705
110624104
110545663
110159267
110623910
110497064
108564466
110580631
110581203
110580565
110595034
110581169
110558669
110579974
110580180
110594656
110594581
109262235
105135796
110389262
110579280
110130181
110016705
110311836
110562801
109478170
110525674
110622052
110553826
110411662
109773438
110410907
110623393
110278963
100919313
110359116
110305427
110201835
110614675
110586182
110445855
110624460
110604361
110628341
110405926
110641473
97640435