110611261
110610020
110538504
110610954
110610429
109514930
110456228
110452160
110371056
110244900
110611984
109920085
110554820
110556375
107720145
110587262
110612090
45754807
106713068
108897243
110512561
110474401
110587296
110418880
110512197
110510945
110596706
109452844
110616296
109767621
109857309
109538804
110550735
110620956
110520524
110623012
110565614
110504215
110503182
110431352
110466295
109084754
110532660
110623590
110248150
110550949
110499402
110507337
110622901
110542187
110650436
101036011
110529995
110649999
110650143
110635149
109975183
106733705
28895911
102377319
99366268
104978779
110650030
110556700
110595049
110556958
110594946
110594636
110581004
110581101
110595086
110580884
110580696
109027951
101252665
110619570
109589660
108508262
108480481
108669877
108670313
108669711
108669189
108670079
110045353
108541511
110130284
110130068
108541995
108517659
110558137
108706951
109606768
108516269
108826605
106155006
108487691
110569440
110794719
110707484
110707104
110707571
110707309
110707599
110706232
110706325
110706244
110676623
110706206
110556894
110594987
110595034
110794502
110706745
110705999
110706143
110705927
110706654
110594995
110557780
110557016
110594893
110557133
110543907
110541677
110544178
108509658
108505392
108508008
108669348
109608186
110641435
108541613
108541278
108517363
109506854
110640817
108516414
109606906
108517179
109318044
108694063
108935344
110972325
110586546
110841365
107638986
110841305
110833311
110833160
110833637
110832702
110833518
110557907
110581056
110580922
110595116
110580631
110594701
110579886
110580070
110579820
110579935
110594885
110855089
110832378
110832996
110834960
110834885
110832332
111001098
111000971
110581203
110581169