109262235
105135796
110389262
110579280
110130181
110016705
110311836
110562801
109478170
110278963
110628341
110405926
110641473
97640435
110581004
110581101
110595086
110580884
110594104
110580023
110558621
110579886
110570506
110641811
110506874
109854368
110456667
110130837
110647992
110536098
109153043
110545513
110545811
110634666
110644863
110650436
101036011
110529995
110649999
110620627
110686924
110513980
109460469
106713068
110642653
110686188
110078745
109724855
110594995
110557711
110557907
110556894
110594893
110580922
110581056
110594987
110595116
110580631
110580070