108516414
109606906
109506854
108517179
108517659
109318044
108694063
108935344
110972325
110586546
108487691
110841365
107638986
110841305
110833311
110833160
110833637
110832702
110833518
110557907
110556894
110594946
110556958
110595049
110595086
110581056
110580922
110595116
110580631
110594701
110579886
110580070
110579820
110579935
110579758
110558291
110558699
110558058
110558851
110344985
110558489
110621160
110550446
111000956
110621231
110595705
110550128
110542387
110542767
110589704
110594202
110594378
110539270
110538580
110541677
110543907
110541855
110860161
110723078
108670313
110842397
110842363
108668869
108670637
108541613
108541511
108541278
110045353
108541877
108516496
110594885
110855089
110832378
110832996
110834960
110834885
110832332
111001098
111000971
110556700
110557016
110557780
110581203
110594987
110581169
110580884
110580696
110558621
110727744
110859592
110558786
110859834
110859360
110621027
110595677
110550579
110550981
110541039
111001038
110544178
110543775
110860227
110722099
109608497
110842246
108669348
109608186
110842547
108541922
108541736
108541562
109310026
110130068
108517513
110442436
110978554
110994684
110833080
110831222
110832228
110594893
110557133
110594995
110595034
110581004
110581101
110580180
110579974
110859558
110558350
110962647
110558201
110538783
110541733
110285387
110595459
110539205
110539999
110539759
110551215
110860256
110543694
110860071
109799503
108669189
108669711
110429985
110581771
110833044
110832855
111001425
110557711
109857381
110594656
110594104
110859519
110558148
110542679
110639903
111002262
110542457
110595417
110539127
110539052
110538332
110539882
110544277
110860132